name: d:\Dev\psi\ai-engineering\.conda
channels:
  - conda-forge
  - defaults
dependencies:
  - asttokens=2.4.1=pyhd8ed1ab_0
  - bzip2=1.0.8=h2bbff1b_6
  - ca-certificates=2024.3.11=haa95532_0
  - colorama=0.4.6=pyhd8ed1ab_0
  - comm=0.2.2=pyhd8ed1ab_0
  - debugpy=1.6.7=py312hd77b12b_0
  - decorator=5.1.1=pyhd8ed1ab_0
  - exceptiongroup=1.2.0=pyhd8ed1ab_2
  - executing=2.0.1=pyhd8ed1ab_0
  - expat=2.6.2=hd77b12b_0
  - importlib-metadata=7.1.0=pyha770c72_0
  - importlib_metadata=7.1.0=hd8ed1ab_0
  - ipykernel=6.29.3=pyha63f2e9_0
  - ipython=8.24.0=pyh7428d3b_0
  - jedi=0.19.1=pyhd8ed1ab_0
  - jupyter_client=8.6.1=pyhd8ed1ab_0
  - jupyter_core=5.5.0=py312haa95532_0
  - krb5=1.21.2=heb0366b_0
  - libffi=3.4.4=hd77b12b_1
  - libsodium=1.0.18=h8d14728_1
  - matplotlib-inline=0.1.7=pyhd8ed1ab_0
  - nest-asyncio=1.6.0=pyhd8ed1ab_0
  - openssl=3.3.0=hcfcfb64_0
  - packaging=24.0=pyhd8ed1ab_0
  - parso=0.8.4=pyhd8ed1ab_0
  - pickleshare=0.7.5=py_1003
  - pip=24.0=py312haa95532_0
  - platformdirs=4.2.2=pyhd8ed1ab_0
  - prompt-toolkit=3.0.42=pyha770c72_0
  - psutil=5.9.0=py312h2bbff1b_0
  - pure_eval=0.2.2=pyhd8ed1ab_0
  - pygments=2.18.0=pyhd8ed1ab_0
  - python=3.12.3=h1d929f7_1
  - python-dateutil=2.9.0=pyhd8ed1ab_0
  - pywin32=305=py312h2bbff1b_0
  - pyzmq=25.1.2=py312hd77b12b_0
  - setuptools=69.5.1=py312haa95532_0
  - six=1.16.0=pyh6c4a22f_0
  - sqlite=3.45.3=h2bbff1b_0
  - stack_data=0.6.2=pyhd8ed1ab_0
  - tk=8.6.14=h0416ee5_0
  - tornado=6.3.3=py312h2bbff1b_0
  - traitlets=5.14.3=pyhd8ed1ab_0
  - typing_extensions=4.11.0=pyha770c72_0
  - ucrt=10.0.22621.0=h57928b3_0
  - vc=14.2=h2eaa2aa_1
  - vc14_runtime=14.38.33130=h82b7239_18
  - vs2015_runtime=14.38.33130=hcb4865c_18
  - wcwidth=0.2.13=pyhd8ed1ab_0
  - wheel=0.43.0=py312haa95532_0
  - xz=5.4.6=h8cc25b3_1
  - zeromq=4.3.5=he1f189c_4
  - zipp=3.17.0=pyhd8ed1ab_0
  - zlib=1.2.13=h8cc25b3_1
  - pip:
      - annotated-types==0.6.0
      - anyio==4.3.0
      - certifi==2024.2.2
      - charset-normalizer==3.3.2
      - click==8.1.7
      - contourpy==1.2.1
      - cycler==0.12.1
      - distro==1.9.0
      - docker-pycreds==0.4.0
      - fonttools==4.51.0
      - gitdb==4.0.11
      - gitpython==3.1.43
      - h11==0.14.0
      - httpcore==1.0.5
      - httpx==0.27.0
      - idna==3.7
      - joblib==1.4.2
      - kiwisolver==1.4.5
      - matplotlib==3.9.0
      - numpy==1.26.4
      - openai==1.30.1
      - pandas==2.2.2
      - pillow==10.3.0
      - plotly==5.22.0
      - protobuf==4.25.3
      - pydantic==2.7.1
      - pydantic-core==2.18.2
      - pyparsing==3.1.2
      - python-dotenv==1.0.1
      - pytz==2024.1
      - pyyaml==6.0.1
      - requests==2.32.1
      - scikit-learn==1.4.2
      - scipy==1.13.0
      - sentry-sdk==2.2.0
      - setproctitle==1.3.3
      - smmap==5.0.1
      - sniffio==1.3.1
      - tenacity==8.3.0
      - threadpoolctl==3.5.0
      - tqdm==4.66.4
      - tzdata==2024.1
      - urllib3==2.2.1
      - wandb==0.17.0
prefix: d:\Dev\psi\ai-engineering\.conda
